[icn.jpg]
filters=crop64=1,f770a318dbbeb60;
crop=rect64(f770a318dbbeb60)
moddate=3e643e7b7602d401
width=1920
height=1080
text=2;128;2;FT;Maiandra GD;0.123363,0.060227,0.609084,6.283185;v1,4294967295,4293454056,128.000000,1.000000,0.000000,1.000000,700,0,49152;;137;10;Admissions;Maiandra GD;0.083868,0.652318,0.158225,0.000000;v1,4294967295,4293454056,128.000000,1.000000,0.000000,1.000000,700,0,49152;;
textactive=1
